[5. 5.]
[5. 5.]
[5. 5.]
[5. 5.]
[5. 5.]
[5. 5.]
[5. 5.]
[5. 5.]
[5. 5.]
[5. 5.]
[5. 5.]
[4.943609 4.943609]
[4.7445297 4.7445297]
[4.3058395 4.3058395]
[3.862381 3.862381]
[3.6680698 3.6680698]
[3.080368 3.080368]
[2.9051304 2.9051304]
[2.4199486 2.4199486]
[2.1100044 2.1100044]
[1.718998 1.718998]
[1.3482571 1.3482571]
[0.96440315 0.96440315]
[0.7092953 0.7092953]
[0.24318695 0.24318695]
[0.19669533 0.19669533]
[-0.27775764 -0.27775764]
[-0.26345253 -0.26345253]
[-0.61392784 -0.61392784]
[-0.74982643 -0.74982643]
[-1.1241436 -1.1241436]
[-1.0359287 -1.0359287]
[-1.3685226 -1.3685226]
[-0.4553795 -0.4553795]
[-0.4386902 -0.4386902]
[-0.58174133 -0.58174133]
[-0.616312 -0.616312]
[-0.7402897 -0.7402897]
[-0.57816505 -0.57816505]
[-0.5674362 -0.5674362]
[-0.51498413 -0.51498413]
[-0.62942505 -0.62942505]
[-0.59485435 -0.59485435]
[-0.5674362 -0.5674362]
[-0.7021427 -0.7021427]
[-0.5733967 -0.5733967]
[-0.6330013 -0.6330013]
[-0.6735325 -0.6735325]
[-0.64373016 -0.64373016]
[-0.5507469 -0.5507469]
[-0.74505806 -0.74505806]
[-0.6699562 -0.6699562]
[-0.5173683 -0.5173683]
[-0.5674362 -0.5674362]
[-0.46610832 -0.46610832]
[-0.53048134 -0.53048134]
[-0.56028366 -0.56028366]
[-0.35881996 -0.35881996]
[-0.16331673 -0.16331673]
[-0.17523766 -0.17523766]
[-0.20265579 -0.20265579]
[-0.3194809 -0.3194809]
[-0.15377998 -0.15377998]
[-0.2348423 -0.2348423]
[-0.18835068 -0.18835068]
[0.00715256 0.00715256]
[-0.13589859 -0.13589859]
[0.01549721 0.01549721]
[-0.06198883 -0.06198883]
[0.05841255 0.05841255]
[0.05483627 0.05483627]
[0.08821487 0.08821487]
[0.1835823 0.1835823]
[0.2837181 0.2837181]
[0.4184246 0.4184246]
[0.22053719 0.22053719]
[0.36239624 0.36239624]
[0.34570694 0.34570694]
[0.39339066 0.39339066]
[0.3838539 0.3838539]
[0.42438507 0.42438507]
[0.42796135 0.42796135]
[0.33020973 0.33020973]
[0.46372414 0.46372414]
[0.5221367 0.5221367]
[0.6508827 0.6508827]
[0.4720688 0.4720688]
[0.4506111 0.4506111]
[0.4863739 0.4863739]
[0.43272972 0.43272972]
[0.6377697 0.6377697]
[0.64373016 0.64373016]
[0.56266785 0.56266785]
[0.56266785 0.56266785]
[0.54597855 0.54597855]
[0.5853176 0.5853176]
[0.4863739 0.4863739]
[0.49352646 0.49352646]
[0.42200089 0.42200089]
[0.5221367 0.5221367]
[0.4506111 0.4506111]
[0.38862228 0.38862228]
